=== CNN Results (Padding Mode: 01) ===

--- Convolution Results (32x32) ---
 43264  61952  12288   7424  18432  24320  39168  26112   6400 -16896  -5376  35840  25344  14592   1792 -12800  -1792 -13056  27392   3584   -768   8448  11776    512   6400 -25344  24064   7680  15104  22272   7936  24320 
  7936  10752 -55808 -37888 -40704 -25856  12288  35840 -16128 -55808 -61440 -40192  12544 -13824  21760   1536  40192  12800      0 -60160 -44288 -92928 -64000 -90880 -25600 -30208   -256 -67840 -45056 -27648   9216  -7936 
-62208 -110080 -58112 -33280 -47104 -70912 -88832 -73472 -18432  -1792  15360 -38656  14336  -1792  -2304 -21504   1792   8704 -46336 -58112 -70400 -40704  -7424  27392  35840  42496  -2816 -42752 -38656 -67328 -36352 -46592 
 -5120 -18432  14336  10240 -14336 -49664 -76800 -44288 -15872  23552  13056  10752   6656 -13312 -29952 -38656   3072  34304  56576  71424  40192  36864  25600  73984  33024  13056  -3072  63744  71936  68608  11776  14080 
-23552 -25088  20736  -8192  -5376  -5888  36608  47616  18432  14848  -8448 -26880 -103680 -55040   3840  72704  -3840   7424  46592 124928 135680  83456   5120 -28672 -61952   2048 -20224  59904  12544  68352  21248  43520 
-24320  -4096   6656    512  -7680 -24064 -37888 -69632  -6400   3584  -2816  -8448  13056  41216  62208  13056 -42752 -126720 -104960 -40448  12800  23040  49152  34304  68608  13824  24832  11264  -7936 -12800 -18688  18432 
 84736  93440   -512  20992  34816  50688 -37632 -60416 -47616   2816  26368  81152 118528  94720  38656 -50944  -8960 -34560 -60672 -106496 -118272 -64000   2048  27904  44288 -49408 -33280 -44800  18944  31744  59648  27904 
 46592   8192   1536 -36608 -15616  16896  48640  79872 -16640 -10752  -5632  51200   4096  22272 -20736 -14848 -46848 -10240  35584  25856 -14592 -43520 -78592 -38144 -33024  48896  21248 -32000 -93696 -95744 -49152 -29696 
-25344  24576  15104   1536 -47104 -45824  33792  27392  19456 -31488 -19712 -14336   4864 -31488 -61696 -13312  -4096  52992  10752  56064  35840    768 -45056 -41728  -4096  38912  57600  12032  -5376 -91392 -100608 -105216 
-24576   6912 -24832  25344  37120  56832  66048  34048  38912 -16384  -4608 -53504 -23808 -50176 -11520  40448  86528 102656  12800 -56832 -38400 -16384   3840 -70144 -68608 -75776 -43008 -43008  29696  39936  56064  -2816 
-35840 -92928 -35328 -14336  17664   1024 -32768 -14592   9728  13824   1792 -39936 -19712  -8192  19200  -8448  16896 -25856   3328 -74496 -53248 -20224  37888  42496  21760   8448  -4096 -27136 -26112  -8704  19712  33792 
  2304 -11008  16640  10752 -13824 -49664 -76800 -44288 -15872  23552  13056  10752   6656 -13312 -29952 -38656   3072  34304  56576  71424  40192  36864  25600  73984  33024  13056  -3072  63744  71936  68608  11776  14080 
-23552 -25088  20736  -8192  -5376  -5888  36608  47616  18432  14848  -8448 -26880 -103680 -55040   3840  72704  -3840   7424  46592 124928 135680  83456   5120 -28672 -61952   2048 -20224  59904  12544  68352  21248  43520 
-24320  -4096   6656    512  -7680 -24064 -37888 -69632  -6400   3584  -2816  -8448  13056  41216  62208  13056 -42752 -126720 -104960 -40448  12800  23040  49152  34304  68608  13824  24832  11264  -7936 -12800 -18688  18432 
 84736  93440   -512  20992  34816  50688 -37632 -60416 -47616   2816  26368  81152 118528  94720  38656 -50944  -8960 -34560 -60672 -106496 -118272 -64000   2048  27904  44288 -49408 -33280 -44800  18944  31744  59648  27904 
 46592   8192   1536 -36608 -15616  16896  48640  79872 -16640 -10752  -5632  51200   4096  22272 -20736 -14848 -46848 -10240  35584  25856 -14592 -43520 -78592 -38144 -33024  48896  21248 -32000 -93696 -95744 -49152 -29696 
-25344  24576  15104   1536 -47104 -45824  33792  27392  19456 -31488 -19712 -14336   4864 -31488 -61696 -13312  -4096  52992  10752  56064  35840    768 -45056 -41728  -4096  38912  57600  12032  -5376 -91392 -100608 -105216 
-24576   6912 -24832  25344  37120  56832  66048  34048  38912 -16384  -4608 -53504 -23808 -50176 -11520  40448  86528 102656  12800 -56832 -38400 -16384   3840 -70144 -68608 -75776 -43008 -43008  29696  39936  56064  -2816 
-35840 -92928 -35328 -14336  17664   1024 -32768 -14592   9728  13824   1792 -39936 -19712  -8192  19200  -8448  16896 -25856   3328 -74496 -53248 -20224  37888  42496  21760   8448  -4096 -27136 -26112  -8704  19712  33792 
  2304 -11008  16640  10752 -13824 -49664 -76800 -44288 -15872  23552  13056  10752   6656 -13312 -29952 -38656   3072  34304  56576  71424  40192  36864  25600  73984  33024  13056  -3072  63744  71936  68608  11776  14080 
-23552 -25088  20736  -8192  -5376  -5888  36608  47616  18432  14848  -8448 -26880 -103680 -55040   3840  72704  -3840   7424  46592 124928 135680  83456   5120 -28672 -61952   2048 -20224  59904  12544  68352  21248  43520 
-24320  -4096   6656    512  -7680 -24064 -37888 -69632  -6400   3584  -2816  -8448  13056  41216  62208  13056 -42752 -126720 -104960 -40448  12800  23040  49152  34304  68608  13824  24832  11264  -7936 -12800 -18688  18432 
 84736  93440   -512  20992  34816  50688 -37632 -60416 -47616   2816  26368  81152 118528  94720  38656 -50944  -8960 -34560 -60672 -106496 -118272 -64000   2048  27904  44288 -49408 -33280 -44800  18944  31744  59648  27904 
 46592   8192   1536 -36608 -15616  16896  48640  79872 -16640 -10752  -5632  51200   4096  22272 -20736 -14848 -46848 -10240  35584  25856 -14592 -43520 -78592 -38144 -33024  48896  21248 -32000 -93696 -95744 -49152 -29696 
-25344  24576  15104   1536 -47104 -45824  33792  27392  19456 -31488 -19712 -14336   4864 -31488 -61696 -13312  -4096  52992  10752  56064  35840    768 -45056 -41728  -4096  38912  57600  12032  -5376 -91392 -100608 -105216 
-24576   6912 -24832  25344  37120  56832  66048  34048  38912 -16384  -4608 -53504 -23808 -50176 -11520  40448  86528 102656  12800 -56832 -38400 -16384   3840 -70144 -68608 -75776 -43008 -43008  29696  39936  56064  -2816 
-35840 -92928 -35328 -14336  17664   1024 -32768 -14592   9728  13824   1792 -39936 -19712  -8192  19200  -8448  16896 -25856   3328 -74496 -53248 -20224  37888  42496  21760   8448  -4096 -27136 -26112  -8704  19712  33792 
  2304 -11008  16640  10752 -13824 -49664 -76800 -44288 -15872  23552  13056  10752   6656 -13312 -29952 -38656   3072  34304  56576  71424  40192  36864  25600  73984  33024  13056  -3072  63744  71936  68608  11776  14080 
-23552 -25088  20736  -8192  -5376  -5888  36608  47616  18432  14848  -8448 -26880 -103680 -55040   3840  72704  -3840   7424  46592 124928 135680  83456   5120 -28672 -61952   2048 -20224  59904  12544  68352  21248  43520 
-24320  -4096   6656    512  -7680 -24064 -37888 -69632  -6400   3584  -2816  -8448  13056  41216  62208  13056 -42752 -126720 -104960 -40448  12800  23040  49152  34304  68608  13824  24832  11264  -7936 -12800 -18688  18432 
 84736  93440   -512  20992  34816  50688 -37632 -60416 -47616   2816  26368  81152 118528  94720  38656 -50944  -8960 -34560 -60672 -106496 -118272 -64000   2048  27904  44288 -49408 -33280 -44800  18944  31744  59648  27904 
  9472  -7680 -20992 -31488  -1536  40704  63488  70912  23296   4864   7424   7936 -22784 -31744 -29952   4352  11776  47104  56832  16128 -10496 -16896 -18688 -30208 -52224 -12544 -12032 -29184 -36352 -35328 -12544 -23808 

--- ReLU Results (32x32) ---
 43264  61952  12288   7424  18432  24320  39168  26112   6400      0      0  35840  25344  14592   1792      0      0      0  27392   3584      0   8448  11776    512   6400      0  24064   7680  15104  22272   7936  24320 
  7936  10752      0      0      0      0  12288  35840      0      0      0      0  12544      0  21760   1536  40192  12800      0      0      0      0      0      0      0      0      0      0      0      0   9216      0 
     0      0      0      0      0      0      0      0      0      0  15360      0  14336      0      0      0   1792   8704      0      0      0      0      0  27392  35840  42496      0      0      0      0      0      0 
     0      0  14336  10240      0      0      0      0      0  23552  13056  10752   6656      0      0      0   3072  34304  56576  71424  40192  36864  25600  73984  33024  13056      0  63744  71936  68608  11776  14080 
     0      0  20736      0      0      0  36608  47616  18432  14848      0      0      0      0   3840  72704      0   7424  46592 124928 135680  83456   5120      0      0   2048      0  59904  12544  68352  21248  43520 
     0      0   6656    512      0      0      0      0      0   3584      0      0  13056  41216  62208  13056      0      0      0      0  12800  23040  49152  34304  68608  13824  24832  11264      0      0      0  18432 
 84736  93440      0  20992  34816  50688      0      0      0   2816  26368  81152 118528  94720  38656      0      0      0      0      0      0      0   2048  27904  44288      0      0      0  18944  31744  59648  27904 
 46592   8192   1536      0      0  16896  48640  79872      0      0      0  51200   4096  22272      0      0      0      0  35584  25856      0      0      0      0      0  48896  21248      0      0      0      0      0 
     0  24576  15104   1536      0      0  33792  27392  19456      0      0      0   4864      0      0      0      0  52992  10752  56064  35840    768      0      0      0  38912  57600  12032      0      0      0      0 
     0   6912      0  25344  37120  56832  66048  34048  38912      0      0      0      0      0      0  40448  86528 102656  12800      0      0      0   3840      0      0      0      0      0  29696  39936  56064      0 
     0      0      0      0  17664   1024      0      0   9728  13824   1792      0      0      0  19200      0  16896      0   3328      0      0      0  37888  42496  21760   8448      0      0      0      0  19712  33792 
  2304      0  16640  10752      0      0      0      0      0  23552  13056  10752   6656      0      0      0   3072  34304  56576  71424  40192  36864  25600  73984  33024  13056      0  63744  71936  68608  11776  14080 
     0      0  20736      0      0      0  36608  47616  18432  14848      0      0      0      0   3840  72704      0   7424  46592 124928 135680  83456   5120      0      0   2048      0  59904  12544  68352  21248  43520 
     0      0   6656    512      0      0      0      0      0   3584      0      0  13056  41216  62208  13056      0      0      0      0  12800  23040  49152  34304  68608  13824  24832  11264      0      0      0  18432 
 84736  93440      0  20992  34816  50688      0      0      0   2816  26368  81152 118528  94720  38656      0      0      0      0      0      0      0   2048  27904  44288      0      0      0  18944  31744  59648  27904 
 46592   8192   1536      0      0  16896  48640  79872      0      0      0  51200   4096  22272      0      0      0      0  35584  25856      0      0      0      0      0  48896  21248      0      0      0      0      0 
     0  24576  15104   1536      0      0  33792  27392  19456      0      0      0   4864      0      0      0      0  52992  10752  56064  35840    768      0      0      0  38912  57600  12032      0      0      0      0 
     0   6912      0  25344  37120  56832  66048  34048  38912      0      0      0      0      0      0  40448  86528 102656  12800      0      0      0   3840      0      0      0      0      0  29696  39936  56064      0 
     0      0      0      0  17664   1024      0      0   9728  13824   1792      0      0      0  19200      0  16896      0   3328      0      0      0  37888  42496  21760   8448      0      0      0      0  19712  33792 
  2304      0  16640  10752      0      0      0      0      0  23552  13056  10752   6656      0      0      0   3072  34304  56576  71424  40192  36864  25600  73984  33024  13056      0  63744  71936  68608  11776  14080 
     0      0  20736      0      0      0  36608  47616  18432  14848      0      0      0      0   3840  72704      0   7424  46592 124928 135680  83456   5120      0      0   2048      0  59904  12544  68352  21248  43520 
     0      0   6656    512      0      0      0      0      0   3584      0      0  13056  41216  62208  13056      0      0      0      0  12800  23040  49152  34304  68608  13824  24832  11264      0      0      0  18432 
 84736  93440      0  20992  34816  50688      0      0      0   2816  26368  81152 118528  94720  38656      0      0      0      0      0      0      0   2048  27904  44288      0      0      0  18944  31744  59648  27904 
 46592   8192   1536      0      0  16896  48640  79872      0      0      0  51200   4096  22272      0      0      0      0  35584  25856      0      0      0      0      0  48896  21248      0      0      0      0      0 
     0  24576  15104   1536      0      0  33792  27392  19456      0      0      0   4864      0      0      0      0  52992  10752  56064  35840    768      0      0      0  38912  57600  12032      0      0      0      0 
     0   6912      0  25344  37120  56832  66048  34048  38912      0      0      0      0      0      0  40448  86528 102656  12800      0      0      0   3840      0      0      0      0      0  29696  39936  56064      0 
     0      0      0      0  17664   1024      0      0   9728  13824   1792      0      0      0  19200      0  16896      0   3328      0      0      0  37888  42496  21760   8448      0      0      0      0  19712  33792 
  2304      0  16640  10752      0      0      0      0      0  23552  13056  10752   6656      0      0      0   3072  34304  56576  71424  40192  36864  25600  73984  33024  13056      0  63744  71936  68608  11776  14080 
     0      0  20736      0      0      0  36608  47616  18432  14848      0      0      0      0   3840  72704      0   7424  46592 124928 135680  83456   5120      0      0   2048      0  59904  12544  68352  21248  43520 
     0      0   6656    512      0      0      0      0      0   3584      0      0  13056  41216  62208  13056      0      0      0      0  12800  23040  49152  34304  68608  13824  24832  11264      0      0      0  18432 
 84736  93440      0  20992  34816  50688      0      0      0   2816  26368  81152 118528  94720  38656      0      0      0      0      0      0      0   2048  27904  44288      0      0      0  18944  31744  59648  27904 
  9472      0      0      0      0  40704  63488  70912  23296   4864   7424   7936      0      0      0   4352  11776  47104  56832  16128      0      0      0      0      0      0      0      0      0      0      0      0 

--- Pooling Results (30x30) ---
 61952  61952  18432  24320  39168  39168  39168  35840  15360  35840  35840  35840  25344  21760  40192  40192  40192  27392  27392   8448  11776  27392  35840  42496  42496  42496  24064  22272  22272  24320 
 14336  14336  14336  10240  12288  35840  35840  35840  23552  23552  15360  14336  21760  21760  40192  40192  56576  71424  71424  71424  40192  73984  73984  73984  42496  63744  71936  71936  71936  68608 
 20736  20736  20736  10240  36608  47616  47616  47616  23552  23552  15360  14336  14336  72704  72704  72704  56576 124928 135680 135680 135680  83456  73984  73984  42496  63744  71936  71936  71936  68608 
 20736  20736  20736  10240  36608  47616  47616  47616  23552  23552  13056  41216  62208  72704  72704  72704  56576 124928 135680 135680 135680  83456  73984  73984  68608  63744  71936  71936  71936  68608 
 93440  93440  34816  50688  50688  50688  47616  47616  26368  81152 118528 118528 118528  94720  72704  72704  46592 124928 135680 135680 135680  83456  68608  68608  68608  59904  59904  68352  68352  68352 
 93440  93440  34816  50688  50688  79872  79872  79872  26368  81152 118528 118528 118528  94720  62208  13056  35584  35584  35584  25856  49152  49152  68608  68608  68608  48896  24832  31744  59648  59648 
 93440  93440  34816  50688  50688  79872  79872  79872  26368  81152 118528 118528 118528  94720  38656  52992  52992  56064  56064  56064  35840  27904  44288  48896  57600  57600  57600  31744  59648  59648 
 46592  25344  37120  56832  66048  79872  79872  79872  38912  51200  51200  51200  22272  40448  86528 102656 102656 102656  56064  56064  35840   3840   3840  48896  57600  57600  57600  39936  56064  56064 
 24576  25344  37120  56832  66048  66048  66048  38912  38912  13824   4864   4864  19200  40448  86528 102656 102656 102656  56064  56064  37888  42496  42496  42496  57600  57600  57600  39936  56064  56064 
 16640  25344  37120  56832  66048  66048  66048  38912  38912  23552  13056  10752  19200  40448  86528 102656 102656 102656  71424  71424  40192  73984  73984  73984  33024  63744  71936  71936  71936  68608 
 20736  20736  20736  17664  36608  47616  47616  47616  23552  23552  13056  10752  19200  72704  72704  72704  56576 124928 135680 135680 135680  83456  73984  73984  33024  63744  71936  71936  71936  68608 
 20736  20736  20736  10752  36608  47616  47616  47616  23552  23552  13056  41216  62208  72704  72704  72704  56576 124928 135680 135680 135680  83456  73984  73984  68608  63744  71936  71936  71936  68608 
 93440  93440  34816  50688  50688  50688  47616  47616  26368  81152 118528 118528 118528  94720  72704  72704  46592 124928 135680 135680 135680  83456  68608  68608  68608  59904  59904  68352  68352  68352 
 93440  93440  34816  50688  50688  79872  79872  79872  26368  81152 118528 118528 118528  94720  62208  13056  35584  35584  35584  25856  49152  49152  68608  68608  68608  48896  24832  31744  59648  59648 
 93440  93440  34816  50688  50688  79872  79872  79872  26368  81152 118528 118528 118528  94720  38656  52992  52992  56064  56064  56064  35840  27904  44288  48896  57600  57600  57600  31744  59648  59648 
 46592  25344  37120  56832  66048  79872  79872  79872  38912  51200  51200  51200  22272  40448  86528 102656 102656 102656  56064  56064  35840   3840   3840  48896  57600  57600  57600  39936  56064  56064 
 24576  25344  37120  56832  66048  66048  66048  38912  38912  13824   4864   4864  19200  40448  86528 102656 102656 102656  56064  56064  37888  42496  42496  42496  57600  57600  57600  39936  56064  56064 
 16640  25344  37120  56832  66048  66048  66048  38912  38912  23552  13056  10752  19200  40448  86528 102656 102656 102656  71424  71424  40192  73984  73984  73984  33024  63744  71936  71936  71936  68608 
 20736  20736  20736  17664  36608  47616  47616  47616  23552  23552  13056  10752  19200  72704  72704  72704  56576 124928 135680 135680 135680  83456  73984  73984  33024  63744  71936  71936  71936  68608 
 20736  20736  20736  10752  36608  47616  47616  47616  23552  23552  13056  41216  62208  72704  72704  72704  56576 124928 135680 135680 135680  83456  73984  73984  68608  63744  71936  71936  71936  68608 
 93440  93440  34816  50688  50688  50688  47616  47616  26368  81152 118528 118528 118528  94720  72704  72704  46592 124928 135680 135680 135680  83456  68608  68608  68608  59904  59904  68352  68352  68352 
 93440  93440  34816  50688  50688  79872  79872  79872  26368  81152 118528 118528 118528  94720  62208  13056  35584  35584  35584  25856  49152  49152  68608  68608  68608  48896  24832  31744  59648  59648 
 93440  93440  34816  50688  50688  79872  79872  79872  26368  81152 118528 118528 118528  94720  38656  52992  52992  56064  56064  56064  35840  27904  44288  48896  57600  57600  57600  31744  59648  59648 
 46592  25344  37120  56832  66048  79872  79872  79872  38912  51200  51200  51200  22272  40448  86528 102656 102656 102656  56064  56064  35840   3840   3840  48896  57600  57600  57600  39936  56064  56064 
 24576  25344  37120  56832  66048  66048  66048  38912  38912  13824   4864   4864  19200  40448  86528 102656 102656 102656  56064  56064  37888  42496  42496  42496  57600  57600  57600  39936  56064  56064 
 16640  25344  37120  56832  66048  66048  66048  38912  38912  23552  13056  10752  19200  40448  86528 102656 102656 102656  71424  71424  40192  73984  73984  73984  33024  63744  71936  71936  71936  68608 
 20736  20736  20736  17664  36608  47616  47616  47616  23552  23552  13056  10752  19200  72704  72704  72704  56576 124928 135680 135680 135680  83456  73984  73984  33024  63744  71936  71936  71936  68608 
 20736  20736  20736  10752  36608  47616  47616  47616  23552  23552  13056  41216  62208  72704  72704  72704  56576 124928 135680 135680 135680  83456  73984  73984  68608  63744  71936  71936  71936  68608 
 93440  93440  34816  50688  50688  50688  47616  47616  26368  81152 118528 118528 118528  94720  72704  72704  46592 124928 135680 135680 135680  83456  68608  68608  68608  59904  59904  68352  68352  68352 
 93440  93440  34816  50688  63488  70912  70912  70912  26368  81152 118528 118528 118528  94720  62208  47104  56832  56832  56832  23040  49152  49152  68608  68608  68608  24832  24832  31744  59648  59648 
