=== CNN Results (Padding Mode: 01) ===

--- Convolution Results (32x32) ---
 39168   9984 -36352  11008  39936 -33792 -10752  -5376 -40448  19456  37888   1536 -61952  26880  -3072 -49152  60416   1280 -28672  24576 -13824  30976   1536 -77568  38912  15872 -22784  46080  -5376 -40960  32000   3072 
 26880 -12032 -22016   9216  50944 -30720   2816 -12032 -99584  10240  89600 -19200 -72192  71936 -43264 -36608 118272 -45056 -76544  26368  -1792  21248 -14336 -87040  70912  57088 -56320   6912  49408 -31232  14592  22528 
-28416 -72960  23552   7680  15616 -14848  26624   -768 -73216 -15360  82176  23552 -24576   9472 -54016 -12544  93696 -27392 -92416  -6144 -15872  53248  37120 -73216  75264  25088 -64000 -11776   4096  37632  -6656   5632 
-53760 -91648  98048  25600 -88064   6400  53504 -35328 -24064   5888  35840   4864  24064  -9216 -102400  73984 122368 -45312 -115200 -37376  15872  17408    512   9216  48896  -2304 -24320 -37888  56576  26880 -54272  19200 
-55040 -71424 116480  35584 -148992  26624  87552 -46848  25088  39168 -34816  -5376  18688 -20224 -13312  59136  10752  21760  -2816 -57088  -5888  35584 -37376  12032  48128 -48128   3328  17408 -20480  21760 -15360 -28416 
-43008 -22528 112896  -8192 -138240   8192  51200 -21504  38656  37632 -52992  -4608  36608 -14848  10752  40704 -37120  15360  25344   2304  26112 -45056 -56064  64512   9984 -69376  43520  67328 -41472   8960   -512 -64768 
 -9728 -35584  25344  39936 -67328 -51968  23808  -7680  52992  75776 -48640  -3584  43520 -11776  30208 -38912 -94976  36864  24320  32512  26624 -22016  13824   9472  -5888 -58624 -11776 102912 -38656  15360  47872 -82688 
 15872 -80128  12288  37376 -79360 -37632   -256 -17920  42752  75776  -6656  39168  64256 -51968 -35328 -87040 -41984  29184 -15104  79360   -512 -58880  77056  53760  -5120 -54272 -23552  40448 -43008  26112  58368 -47360 
 19712 -91904 -37632  18944 -27392 -35072  39680 -15360 -44800  94976  75776  10240  31744 -46336 -94720 -44032  18944  15360 -22528  68096 -44800 -68352 107008  17408  21760  -3840 -55808 -11008  -6400   6400  14592   7936 
-14592 -64256  22016 -37632 -31488  27136  61184 -30720 -112640  44032 108800  -2560   5632   5632 -113408   5120  73472 -45312 -32512  50944 -30976 -84224  30208  35072  74496  46848 -62720 -96512  27904   7936 -18688  57344 
-55040 -56576  42496 -22528 -13312  -8192  58112 -25856 -51712  31488  55552  20224  25856 -32512 -118016  73984  77568 -50176 -88064  -5888  12032 -11776  46080 -11776  64256  23808 -64512 -59648  38656   7936 -55040  61952 
-55552 -86016  99328  25600 -87552   6400  53504 -35328 -24064   5888  35840   4864  24064  -9216 -102400  73984 122368 -45312 -115200 -37376  15872  17408    512   9216  48896  -2304 -24320 -37888  56576  26880 -54272  19200 
-55040 -71424 116480  35584 -148992  26624  87552 -46848  25088  39168 -34816  -5376  18688 -20224 -13312  59136  10752  21760  -2816 -57088  -5888  35584 -37376  12032  48128 -48128   3328  17408 -20480  21760 -15360 -28416 
-43008 -22528 112896  -8192 -138240   8192  51200 -21504  38656  37632 -52992  -4608  36608 -14848  10752  40704 -37120  15360  25344   2304  26112 -45056 -56064  64512   9984 -69376  43520  67328 -41472   8960   -512 -64768 
 -9728 -35584  25344  39936 -67328 -51968  23808  -7680  52992  75776 -48640  -3584  43520 -11776  30208 -38912 -94976  36864  24320  32512  26624 -22016  13824   9472  -5888 -58624 -11776 102912 -38656  15360  47872 -82688 
 15872 -80128  12288  37376 -79360 -37632   -256 -17920  42752  75776  -6656  39168  64256 -51968 -35328 -87040 -41984  29184 -15104  79360   -512 -58880  77056  53760  -5120 -54272 -23552  40448 -43008  26112  58368 -47360 
 19712 -91904 -37632  18944 -27392 -35072  39680 -15360 -44800  94976  75776  10240  31744 -46336 -94720 -44032  18944  15360 -22528  68096 -44800 -68352 107008  17408  21760  -3840 -55808 -11008  -6400   6400  14592   7936 
-14592 -64256  22016 -37632 -31488  27136  61184 -30720 -112640  44032 108800  -2560   5632   5632 -113408   5120  73472 -45312 -32512  50944 -30976 -84224  30208  35072  74496  46848 -62720 -96512  27904   7936 -18688  57344 
-55040 -56576  42496 -22528 -13312  -8192  58112 -25856 -51712  31488  55552  20224  25856 -32512 -118016  73984  77568 -50176 -88064  -5888  12032 -11776  46080 -11776  64256  23808 -64512 -59648  38656   7936 -55040  61952 
-55552 -86016  99328  25600 -87552   6400  53504 -35328 -24064   5888  35840   4864  24064  -9216 -102400  73984 122368 -45312 -115200 -37376  15872  17408    512   9216  48896  -2304 -24320 -37888  56576  26880 -54272  19200 
-55040 -71424 116480  35584 -148992  26624  87552 -46848  25088  39168 -34816  -5376  18688 -20224 -13312  59136  10752  21760  -2816 -57088  -5888  35584 -37376  12032  48128 -48128   3328  17408 -20480  21760 -15360 -28416 
-43008 -22528 112896  -8192 -138240   8192  51200 -21504  38656  37632 -52992  -4608  36608 -14848  10752  40704 -37120  15360  25344   2304  26112 -45056 -56064  64512   9984 -69376  43520  67328 -41472   8960   -512 -64768 
 -9728 -35584  25344  39936 -67328 -51968  23808  -7680  52992  75776 -48640  -3584  43520 -11776  30208 -38912 -94976  36864  24320  32512  26624 -22016  13824   9472  -5888 -58624 -11776 102912 -38656  15360  47872 -82688 
 15872 -80128  12288  37376 -79360 -37632   -256 -17920  42752  75776  -6656  39168  64256 -51968 -35328 -87040 -41984  29184 -15104  79360   -512 -58880  77056  53760  -5120 -54272 -23552  40448 -43008  26112  58368 -47360 
 19712 -91904 -37632  18944 -27392 -35072  39680 -15360 -44800  94976  75776  10240  31744 -46336 -94720 -44032  18944  15360 -22528  68096 -44800 -68352 107008  17408  21760  -3840 -55808 -11008  -6400   6400  14592   7936 
-14592 -64256  22016 -37632 -31488  27136  61184 -30720 -112640  44032 108800  -2560   5632   5632 -113408   5120  73472 -45312 -32512  50944 -30976 -84224  30208  35072  74496  46848 -62720 -96512  27904   7936 -18688  57344 
-55040 -56576  42496 -22528 -13312  -8192  58112 -25856 -51712  31488  55552  20224  25856 -32512 -118016  73984  77568 -50176 -88064  -5888  12032 -11776  46080 -11776  64256  23808 -64512 -59648  38656   7936 -55040  61952 
-55552 -86016  99328  25600 -87552   6400  53504 -35328 -24064   5888  35840   4864  24064  -9216 -102400  73984 122368 -45312 -115200 -37376  15872  17408    512   9216  48896  -2304 -24320 -37888  56576  26880 -54272  19200 
-55040 -71424 116480  35584 -148992  26624  87552 -46848  25088  39168 -34816  -5376  18688 -20224 -13312  59136  10752  21760  -2816 -57088  -5888  35584 -37376  12032  48128 -48128   3328  17408 -20480  21760 -15360 -28416 
-43008 -22528 112896  -8192 -138240   8192  51200 -21504  38656  37632 -52992  -4608  36608 -14848  10752  40704 -37120  15360  25344   2304  26112 -45056 -56064  64512   9984 -69376  43520  67328 -41472   8960   -512 -64768 
 -9728 -35584  25344  39936 -67328 -51968  23808  -7680  52992  75776 -48640  -3584  43520 -11776  30208 -38912 -94976  36864  24320  32512  26624 -22016  13824   9472  -5888 -58624 -11776 102912 -38656  15360  47872 -82688 
  3840 -33792  -7424  31744 -17408 -75264 -23808  10496  62976  51712 -29696  27392  59136 -45824 -18688 -36608 -41216  16128 -40192  50432  36352 -30464  67584  16128 -37120 -54016  -5888  86784 -16384  10752  26368 -54528 

--- ReLU Results (32x32) ---
 39168   9984      0  11008  39936      0      0      0      0  19456  37888   1536      0  26880      0      0  60416   1280      0  24576      0  30976   1536      0  38912  15872      0  46080      0      0  32000   3072 
 26880      0      0   9216  50944      0   2816      0      0  10240  89600      0      0  71936      0      0 118272      0      0  26368      0  21248      0      0  70912  57088      0   6912  49408      0  14592  22528 
     0      0  23552   7680  15616      0  26624      0      0      0  82176  23552      0   9472      0      0  93696      0      0      0      0  53248  37120      0  75264  25088      0      0   4096  37632      0   5632 
     0      0  98048  25600      0   6400  53504      0      0   5888  35840   4864  24064      0      0  73984 122368      0      0      0  15872  17408    512   9216  48896      0      0      0  56576  26880      0  19200 
     0      0 116480  35584      0  26624  87552      0  25088  39168      0      0  18688      0      0  59136  10752  21760      0      0      0  35584      0  12032  48128      0   3328  17408      0  21760      0      0 
     0      0 112896      0      0   8192  51200      0  38656  37632      0      0  36608      0  10752  40704      0  15360  25344   2304  26112      0      0  64512   9984      0  43520  67328      0   8960      0      0 
     0      0  25344  39936      0      0  23808      0  52992  75776      0      0  43520      0  30208      0      0  36864  24320  32512  26624      0  13824   9472      0      0      0 102912      0  15360  47872      0 
 15872      0  12288  37376      0      0      0      0  42752  75776      0  39168  64256      0      0      0      0  29184      0  79360      0      0  77056  53760      0      0      0  40448      0  26112  58368      0 
 19712      0      0  18944      0      0  39680      0      0  94976  75776  10240  31744      0      0      0  18944  15360      0  68096      0      0 107008  17408  21760      0      0      0      0   6400  14592   7936 
     0      0  22016      0      0  27136  61184      0      0  44032 108800      0   5632   5632      0   5120  73472      0      0  50944      0      0  30208  35072  74496  46848      0      0  27904   7936      0  57344 
     0      0  42496      0      0      0  58112      0      0  31488  55552  20224  25856      0      0  73984  77568      0      0      0  12032      0  46080      0  64256  23808      0      0  38656   7936      0  61952 
     0      0  99328  25600      0   6400  53504      0      0   5888  35840   4864  24064      0      0  73984 122368      0      0      0  15872  17408    512   9216  48896      0      0      0  56576  26880      0  19200 
     0      0 116480  35584      0  26624  87552      0  25088  39168      0      0  18688      0      0  59136  10752  21760      0      0      0  35584      0  12032  48128      0   3328  17408      0  21760      0      0 
     0      0 112896      0      0   8192  51200      0  38656  37632      0      0  36608      0  10752  40704      0  15360  25344   2304  26112      0      0  64512   9984      0  43520  67328      0   8960      0      0 
     0      0  25344  39936      0      0  23808      0  52992  75776      0      0  43520      0  30208      0      0  36864  24320  32512  26624      0  13824   9472      0      0      0 102912      0  15360  47872      0 
 15872      0  12288  37376      0      0      0      0  42752  75776      0  39168  64256      0      0      0      0  29184      0  79360      0      0  77056  53760      0      0      0  40448      0  26112  58368      0 
 19712      0      0  18944      0      0  39680      0      0  94976  75776  10240  31744      0      0      0  18944  15360      0  68096      0      0 107008  17408  21760      0      0      0      0   6400  14592   7936 
     0      0  22016      0      0  27136  61184      0      0  44032 108800      0   5632   5632      0   5120  73472      0      0  50944      0      0  30208  35072  74496  46848      0      0  27904   7936      0  57344 
     0      0  42496      0      0      0  58112      0      0  31488  55552  20224  25856      0      0  73984  77568      0      0      0  12032      0  46080      0  64256  23808      0      0  38656   7936      0  61952 
     0      0  99328  25600      0   6400  53504      0      0   5888  35840   4864  24064      0      0  73984 122368      0      0      0  15872  17408    512   9216  48896      0      0      0  56576  26880      0  19200 
     0      0 116480  35584      0  26624  87552      0  25088  39168      0      0  18688      0      0  59136  10752  21760      0      0      0  35584      0  12032  48128      0   3328  17408      0  21760      0      0 
     0      0 112896      0      0   8192  51200      0  38656  37632      0      0  36608      0  10752  40704      0  15360  25344   2304  26112      0      0  64512   9984      0  43520  67328      0   8960      0      0 
     0      0  25344  39936      0      0  23808      0  52992  75776      0      0  43520      0  30208      0      0  36864  24320  32512  26624      0  13824   9472      0      0      0 102912      0  15360  47872      0 
 15872      0  12288  37376      0      0      0      0  42752  75776      0  39168  64256      0      0      0      0  29184      0  79360      0      0  77056  53760      0      0      0  40448      0  26112  58368      0 
 19712      0      0  18944      0      0  39680      0      0  94976  75776  10240  31744      0      0      0  18944  15360      0  68096      0      0 107008  17408  21760      0      0      0      0   6400  14592   7936 
     0      0  22016      0      0  27136  61184      0      0  44032 108800      0   5632   5632      0   5120  73472      0      0  50944      0      0  30208  35072  74496  46848      0      0  27904   7936      0  57344 
     0      0  42496      0      0      0  58112      0      0  31488  55552  20224  25856      0      0  73984  77568      0      0      0  12032      0  46080      0  64256  23808      0      0  38656   7936      0  61952 
     0      0  99328  25600      0   6400  53504      0      0   5888  35840   4864  24064      0      0  73984 122368      0      0      0  15872  17408    512   9216  48896      0      0      0  56576  26880      0  19200 
     0      0 116480  35584      0  26624  87552      0  25088  39168      0      0  18688      0      0  59136  10752  21760      0      0      0  35584      0  12032  48128      0   3328  17408      0  21760      0      0 
     0      0 112896      0      0   8192  51200      0  38656  37632      0      0  36608      0  10752  40704      0  15360  25344   2304  26112      0      0  64512   9984      0  43520  67328      0   8960      0      0 
     0      0  25344  39936      0      0  23808      0  52992  75776      0      0  43520      0  30208      0      0  36864  24320  32512  26624      0  13824   9472      0      0      0 102912      0  15360  47872      0 
  3840      0      0  31744      0      0      0  10496  62976  51712      0  27392  59136      0      0      0      0  16128      0  50432  36352      0  67584  16128      0      0      0  86784      0  10752  26368      0 

--- Pooling Results (30x30) ---
 39168  23552  50944  50944  50944  26624  26624  19456  89600  89600  89600  71936  71936  71936 118272 118272 118272  26368  26368  53248  53248  53248  75264  75264  75264  57088  49408  49408  49408  37632 
 98048  98048  98048  50944  53504  53504  53504  10240  89600  89600  89600  71936  71936  73984 122368 122368 122368  26368  26368  53248  53248  53248  75264  75264  75264  57088  56576  56576  56576  37632 
116480 116480 116480  35584  87552  87552  87552  39168  82176  82176  82176  24064  24064  73984 122368 122368 122368  21760  15872  53248  53248  53248  75264  75264  75264  25088  56576  56576  56576  37632 
116480 116480 116480  35584  87552  87552  87552  39168  39168  39168  36608  36608  36608  73984 122368 122368 122368  25344  26112  35584  35584  64512  64512  64512  48896  67328  67328  67328  56576  26880 
116480 116480 116480  39936  87552  87552  87552  75776  75776  75776  43520  43520  43520  59136  59136  59136  36864  36864  32512  35584  35584  64512  64512  64512  48128 102912 102912 102912  47872  47872 
112896 112896 112896  39936  51200  51200  52992  75776  75776  75776  64256  64256  64256  40704  40704  40704  36864  79360  79360  79360  77056  77056  77056  64512  43520 102912 102912 102912  58368  58368 
 25344  39936  39936  39936  39680  39680  52992  94976  94976  94976  75776  64256  64256  30208  30208  36864  36864  79360  79360  79360 107008 107008 107008  53760  21760 102912 102912 102912  58368  58368 
 22016  37376  37376  37376  61184  61184  61184  94976 108800 108800 108800  64256  64256   5632  73472  73472  73472  79360  79360  79360 107008 107008 107008  74496  74496  46848  40448  40448  58368  58368 
 42496  42496  42496  27136  61184  61184  61184  94976 108800 108800 108800  31744  31744  73984  77568  77568  77568  68096  68096  68096 107008 107008 107008  74496  74496  46848  38656  38656  38656  61952 
 99328  99328  99328  27136  61184  61184  61184  44032 108800 108800 108800  25856  25856  73984 122368 122368 122368  50944  50944  50944  46080  46080  74496  74496  74496  46848  56576  56576  56576  61952 
116480 116480 116480  35584  87552  87552  87552  39168  55552  55552  55552  25856  25856  73984 122368 122368 122368  21760  15872  35584  46080  46080  64256  64256  64256  23808  56576  56576  56576  61952 
116480 116480 116480  35584  87552  87552  87552  39168  39168  39168  36608  36608  36608  73984 122368 122368 122368  25344  26112  35584  35584  64512  64512  64512  48896  67328  67328  67328  56576  26880 
116480 116480 116480  39936  87552  87552  87552  75776  75776  75776  43520  43520  43520  59136  59136  59136  36864  36864  32512  35584  35584  64512  64512  64512  48128 102912 102912 102912  47872  47872 
112896 112896 112896  39936  51200  51200  52992  75776  75776  75776  64256  64256  64256  40704  40704  40704  36864  79360  79360  79360  77056  77056  77056  64512  43520 102912 102912 102912  58368  58368 
 25344  39936  39936  39936  39680  39680  52992  94976  94976  94976  75776  64256  64256  30208  30208  36864  36864  79360  79360  79360 107008 107008 107008  53760  21760 102912 102912 102912  58368  58368 
 22016  37376  37376  37376  61184  61184  61184  94976 108800 108800 108800  64256  64256   5632  73472  73472  73472  79360  79360  79360 107008 107008 107008  74496  74496  46848  40448  40448  58368  58368 
 42496  42496  42496  27136  61184  61184  61184  94976 108800 108800 108800  31744  31744  73984  77568  77568  77568  68096  68096  68096 107008 107008 107008  74496  74496  46848  38656  38656  38656  61952 
 99328  99328  99328  27136  61184  61184  61184  44032 108800 108800 108800  25856  25856  73984 122368 122368 122368  50944  50944  50944  46080  46080  74496  74496  74496  46848  56576  56576  56576  61952 
116480 116480 116480  35584  87552  87552  87552  39168  55552  55552  55552  25856  25856  73984 122368 122368 122368  21760  15872  35584  46080  46080  64256  64256  64256  23808  56576  56576  56576  61952 
116480 116480 116480  35584  87552  87552  87552  39168  39168  39168  36608  36608  36608  73984 122368 122368 122368  25344  26112  35584  35584  64512  64512  64512  48896  67328  67328  67328  56576  26880 
116480 116480 116480  39936  87552  87552  87552  75776  75776  75776  43520  43520  43520  59136  59136  59136  36864  36864  32512  35584  35584  64512  64512  64512  48128 102912 102912 102912  47872  47872 
112896 112896 112896  39936  51200  51200  52992  75776  75776  75776  64256  64256  64256  40704  40704  40704  36864  79360  79360  79360  77056  77056  77056  64512  43520 102912 102912 102912  58368  58368 
 25344  39936  39936  39936  39680  39680  52992  94976  94976  94976  75776  64256  64256  30208  30208  36864  36864  79360  79360  79360 107008 107008 107008  53760  21760 102912 102912 102912  58368  58368 
 22016  37376  37376  37376  61184  61184  61184  94976 108800 108800 108800  64256  64256   5632  73472  73472  73472  79360  79360  79360 107008 107008 107008  74496  74496  46848  40448  40448  58368  58368 
 42496  42496  42496  27136  61184  61184  61184  94976 108800 108800 108800  31744  31744  73984  77568  77568  77568  68096  68096  68096 107008 107008 107008  74496  74496  46848  38656  38656  38656  61952 
 99328  99328  99328  27136  61184  61184  61184  44032 108800 108800 108800  25856  25856  73984 122368 122368 122368  50944  50944  50944  46080  46080  74496  74496  74496  46848  56576  56576  56576  61952 
116480 116480 116480  35584  87552  87552  87552  39168  55552  55552  55552  25856  25856  73984 122368 122368 122368  21760  15872  35584  46080  46080  64256  64256  64256  23808  56576  56576  56576  61952 
116480 116480 116480  35584  87552  87552  87552  39168  39168  39168  36608  36608  36608  73984 122368 122368 122368  25344  26112  35584  35584  64512  64512  64512  48896  67328  67328  67328  56576  26880 
116480 116480 116480  39936  87552  87552  87552  75776  75776  75776  43520  43520  43520  59136  59136  59136  36864  36864  32512  35584  35584  64512  64512  64512  48128 102912 102912 102912  47872  47872 
112896 112896 112896  39936  51200  51200  62976  75776  75776  75776  59136  59136  59136  40704  40704  40704  36864  50432  50432  50432  67584  67584  67584  64512  43520 102912 102912 102912  47872  47872 
