=== CNN Results (Padding Mode: 01) ===

--- Convolution Results (8x8) ---
     0      0     -5    -61    -39     82    -96    -29 
    22    122    200   -225     25    110   -192     57 
   104      0    445    132   -142     -2   -224    131 
  -156   -144    200    100    140     20    -25      0 
  -206   -104   -360    220    300    110     25     45 
   144   -224    -30    130      0   -240   -280    150 
   -96    196     -5     15    -35     15     35    205 
   164     86     -5    -75   -155   -145   -175    265 

--- ReLU Results (8x8) ---
     0      0      0      0      0     82      0      0 
    22    122    127      0     25    110      0     57 
   104      0    127    127      0      0      0    127 
     0      0    127    100    127     20      0      0 
     0      0      0    127    127    110     25     45 
   127      0      0    127      0      0      0    127 
     0    127      0     15      0     15     35    127 
   127     86      0      0      0      0      0    127 

--- Pooling Results (6x6) ---
   104    127    127    127    127    127 
     0    127    127    127    127    127 
    20    127    127    127    127    127 
   110    127    127    127    127    127 
    45    127    127    127    127    127 
   127    127    127    127    127    127 
