=== CNN Results (Padding Mode: 01) ===

--- Convolution Results (8x8) ---
   -44    -38    211   -113    -19     89   -222   -106 
  -173    391    -53    -69    119   -212    -91   -334 
   215    170    109     78   -104     54   -390    -10 
   310    205    -10   -140    224   -275   -210    230 
   235    -60   -170    199   -230     20    130    -90 
  -195   -235    279   -120    -50    -80   -150   -125 
  -135      x      x      x      x      x      x      x 
     x      x      x      x      x      x      x      x 

--- ReLU Results (8x8) ---
     0      0    127      0      0     89      0      0 
     0    127      0      0    119      0      0      0 
   127    127    109     78      0     54      0      0 
   127    127      0       0    127      0      0    127 
   127      0      0    127      0     20    127      0 
     0      0    127      0      0      0      0      0 
     0      x      x      x      x      x      x      x 
     x      x      x      x      x      x      x      x 

--- Pooling Results (6x6) ---
   127    127    127    127    119    119 
    89    127    127    127    127    119 
   119     89    127    127    127    127 
   127    127    127    127    127    127 
   127    127    127    127    127    127 
   127    127    127    127    127      x 
